0.000209
0.000013
0.000009
0.000013
0.000025
0.000015
0.000015
0.000018
0.000022
0.000023
0.000026
0.000029
0.000031
0.000071
0.000038
0.000040
0.000042
0.000044
0.000047
0.000048
0.000052
0.000054
0.000064
0.000060
0.000061
0.000064
0.000066
0.000070
0.000072
0.000074
0.000082
0.000082
0.000095
0.000092
0.000092
0.000095
0.000187
0.000098
0.000103
0.000105
0.000108
0.000111
0.000112
0.000115
0.000118
0.000120
0.000124
0.000146
0.000358
0.000135
0.000134
0.000139
0.000138
0.000143
0.000146
0.000148
0.000151
0.000152
0.000156
0.000161
0.000170
0.000164
0.000210
0.000186
0.000172
0.000172
0.000177
0.000177
0.000180
0.000183
0.000185
0.000205
0.000197
0.000192
0.000195
0.000291
0.000209
0.000201
0.000205
0.000213
0.000217
0.000211
0.000215
0.000218
0.000229
0.000232
0.000224
0.000250
0.000233
0.000233
0.000236
0.000241
0.000244
0.000244
0.000488
0.000251
0.000253
0.000259
0.000270
0.000262
0.000268
0.000511
0.000266
0.000269
0.000295
0.000278
0.000279
0.000375
0.000295
0.000288
0.000289
0.000293
0.000299
0.000297
0.000298
0.000302
0.000305
0.000317
0.000309
0.000318
0.000341
0.000322
0.000321
0.000367
0.000325
0.000476
0.000340
0.000340
0.000793
0.000353
0.000341
0.000397
0.000349
0.000367
0.000356
0.000364
0.000684
0.000365
0.000367
0.000392
0.000381
0.000542
0.000396
0.000378
0.000419
0.000387
0.000397
0.000393
0.000398
0.000431
0.000401
0.000655
0.000408
0.000417
0.000416
0.000413
0.000449
0.000421
0.000571
0.000426
0.000438
0.000442
0.000433
0.000463
0.000452
0.000979
0.000448
0.000586
0.000467
0.000542
0.000467
0.000459
0.000476
0.000478
0.000489
0.000473
0.000484
0.000482
0.000492
0.000496
0.000517
0.000491
0.000495
0.000535
0.000539
0.000503
0.000536
0.000525
0.000535
0.000514
0.000541
0.000528
0.000557
0.000539
0.000564
0.000532
0.000572
0.000564
0.000563
0.000829
0.000568
0.001418
0.000558
0.000601
0.000551
0.000649
0.000558
0.000589
0.000570
0.000649
0.000591
0.000637
0.001292
0.000581
0.000636
0.000588
0.000618
0.000588
0.000725
0.000734
0.000598
0.000656
0.000606
0.000637
0.000611
0.001301
0.001279
0.000621
0.000675
0.000643
0.000706
0.001178
0.000666
0.000691
0.000633
0.001219
0.001724
0.000658
0.000683
0.000929
0.000659
0.000717
0.000654
0.000835
0.001542
0.000662
0.000699
0.001075
0.000670
0.000721
0.000685
0.000694
0.000761
0.000685
0.000774
0.000750
0.000711
0.000719
0.001689
0.000699
0.000802
0.001881
0.000715
0.000741
0.001389
0.000725
0.000791
0.000786
0.000740
0.000751
0.000808
0.000737
0.000810
0.000839
0.001362
0.000761
0.000814
0.000822
0.000771
0.000803
0.000849
0.001085
0.000775
0.000831
0.000799
0.002085
0.000796
0.000849
0.000819
0.001703
0.000828
0.000838
0.000815
0.000848
0.000846
0.000820
0.000842
0.000854
0.001110
0.000839
0.000891
0.000857
0.000934
0.001528
0.000848
0.000889
0.000873
0.000895
0.001323
0.000888
0.000917
0.000897
0.000974
0.002072
0.000889
0.000893
0.000925
0.000900
0.000916
0.000933
0.001750
0.000909
0.000939
0.000977
0.000949
0.000964
0.001446
0.000940
0.000965
0.000949
0.000965
0.001024
0.002136
0.001246
0.000938
0.000935
0.000968
0.000982
0.001061
0.001271
0.001492
0.001015
0.000970
0.000992
0.001003
0.000999
0.000999
0.001015
0.001020
0.002297
0.001526
0.001069
0.001016
0.001035
0.001018
0.001036
0.001031
0.001040
0.001049
0.001983
0.002164
0.001541
0.001638
0.001136
0.001112
0.001047
0.001048
0.001072
0.001077
0.001140
0.001071
0.001168
0.001084
0.001134
0.001099
0.001099
0.001079
0.001090
0.001085
0.001101
0.001153
0.001101
0.001119
0.001112
0.001116
0.001149
0.001124
0.001134
0.001221
0.001143
0.001158
0.001152
0.001184
0.001325
0.001937
0.001995
0.002028
0.001757
0.001700
0.001773
0.001565
0.001509
0.001477
0.001580
0.001538
0.001443
0.001323
0.001282
0.001677
0.001279
0.001220
0.001271
0.001223
0.001374
0.001234
0.001246
0.001244
0.001249
0.001242
0.001241
0.001331
0.001245
0.001242
0.001243
0.001374
0.001256
0.001242
0.001243
0.001270
0.001315
0.001258
0.001262
0.001872
0.002605
0.001309
0.001393
0.001282
0.001283
0.001297
0.001298
0.001338
0.001320
0.001298
0.001338
0.001347
0.001329
0.001321
0.001332
0.001358
0.001439
0.001359
0.001358
0.001351
0.001367
0.001346
0.001353
0.001359
0.001385
0.001388
0.001377
0.001377
0.001450
0.001479
0.001465
0.001407
0.001513
0.001404
0.001405
0.001395
0.001401
0.001493
0.001421
0.001409
0.001414
0.001415
0.001846
0.001434
0.001432
0.001430
0.001431
0.003560
0.001563
0.001544
0.001553
0.001525
0.001594
0.001551
0.001488
0.001462
0.002380
0.001485
0.001473
0.001480
0.003017
0.001496
0.001498
0.001500
0.003805
0.001571
0.001532
0.001514
0.003065
0.001541
0.001529
0.001527
0.001624
0.001554
0.001541
0.002392
0.001561
0.001555
0.001600
0.001602
0.001572
0.001576
0.002692
0.001575
0.001691
0.002825
0.001594
0.001636
0.001613
0.001714
0.001611
0.001684
0.001627
0.001621
0.001673
0.001807
0.001620
0.001611
0.002211
0.001646
0.001643
0.002060
0.001800
0.001650
0.001678
0.001668
0.001724
0.001891
0.001664
0.001662
0.001687
0.001665
0.001670
0.001764
0.001674
0.001689
0.001846
0.001683
0.001695
0.001838
0.001697
0.001716
0.001775
0.001730
0.001724
0.001723
0.001740
0.001722
0.001740
0.001726
0.001843
0.001747
0.001746
0.001895
0.001742
0.001886
0.001752
0.001755
0.001778
0.001755
0.001933
0.001756
0.001789
0.001775
0.001777
0.001796
0.001798
0.001912
0.001800
0.001914
0.001817
0.001823
0.001822
0.001817
0.001823
0.001831
0.001856
0.001833
0.001836
0.001844
0.001857
0.001974
0.001856
0.002048
0.001863
0.002009
0.001876
0.001886
0.001879
0.001892
0.001876
0.001911
0.001897
0.001902
0.002017
0.001893
0.001925
0.001897
0.001912
0.002034
0.001907
0.001936
0.001921
0.001932
0.001983
0.001968
0.001952
0.001953
0.001957
0.002022
0.001951
0.001965
0.002122
0.001972
0.001974
0.002103
0.001978
0.001977
0.002121
0.001993
0.001989
0.002081
0.001987
0.001995
0.002014
0.002011
0.002015
0.002013
0.002104
0.002012
0.002029
0.002027
0.002243
0.002042
0.002041
0.002034
0.002129
0.002039
0.002067
0.002180
0.002051
0.002179
0.002140
0.002089
0.002075
0.002093
0.002117
0.002251
0.002112
0.002096
0.002098
0.002132
0.002115
0.002220
0.002254
0.002115
0.002142
0.002124
0.002134
0.002140
0.002146
0.002215
0.002283
0.002209
0.002159
0.002183
0.002173
0.002155
0.002181
0.002205
0.002203
0.002200
0.002206
0.002243
0.002431
0.002397
0.002381
0.002230
0.002259
0.002217
0.002228
0.002242
0.002223
0.002247
0.002247
0.002239
0.002247
0.002249
0.002253
0.002281
0.002293
0.002282
0.002266
0.002267
0.002305
0.002301
0.002404
0.002506
0.002467
0.002461
0.002318
0.002320
0.002325
0.002337
0.002357
0.002336
0.002349
0.002350
0.002339
0.002348
0.002490
0.002499
0.002364
0.002364
0.002362
0.002384
0.002388
0.002354
0.002520
0.002559
0.002419
0.002399
0.002409
0.002385
0.002401
0.002554
0.002521
0.002409
0.002454
0.002449
0.002506
0.002470
0.002448
0.002460
0.002481
0.002516
0.002470
0.002478
0.002552
0.002489
0.002507
0.002510
0.002710
0.002509
0.002515
0.002607
0.002499
0.002518
0.002503
0.002531
0.002526
0.002543
0.002605
0.002529
0.002638
0.002749
0.002549
0.002563
0.002691
0.002564
0.003160
0.002574
0.002587
0.002628
0.002582
0.002599
0.002775
0.002617
0.002605
0.002614
0.002619
0.002812
0.002599
0.002723
0.002631
0.002611
0.002624
0.002617
0.002742
0.002639
0.003789
0.002648
0.002783
0.002679
0.002686
0.002657
0.002670
0.002654
0.002653
0.002691
0.002675
0.002724
0.002689
0.002807
0.002702
0.002688
0.002679
0.002724
0.002716
0.002725
0.002709
0.002726
0.002749
0.002723
0.002735
0.002759
0.002821
0.002755
0.002902
0.002750
0.002861
0.002770
0.002768
0.002771
0.002769
0.003033
0.002782
0.002796
0.002812
0.003642
0.002925
0.002819
0.002839
0.003015
0.002851
0.002807
0.002840
0.002829
0.002846
0.002933
0.002846
0.002883
0.002847
0.002876
0.002974
0.002884
0.002885
0.002975
0.002898
0.002881
0.003004
0.002891
0.002902
0.002908
0.002971
0.002922
0.002958
0.003124
0.002930
0.002924
0.002932
0.003178
0.002959
0.002948
0.003044
0.002961
0.002976
0.002967
0.003158
0.002982
0.003000
0.002966
0.003009
0.003175
0.003007
0.002976
0.003001
0.003040
0.003204
0.003013
0.003026
0.003044
0.003038
0.003173
0.003151
0.003042
0.003023
0.003037
0.003072
0.003168
0.003193
0.003083
0.003050
0.003095
0.003087
0.003083
0.003214
0.003254
0.004241
0.003104
0.003094
0.003112
0.003133
0.003124
0.003103
0.003258
0.003335
0.003266
0.003166
0.003124
0.003144
0.003144
0.003124
0.003139
0.003173
0.003169
0.003183
0.003144
0.003207
0.003202
0.003241
0.003320
0.003336
0.003363
0.003387
0.003382
0.003381
0.003407
0.003424
0.003403
0.003383
0.003426
0.003383
0.003300
0.003293
0.003263
0.003254
0.003238
0.003238
0.003232
0.003242
0.003269
0.003281
0.003307
0.003297
0.003277
0.003291
0.003286
0.003295
0.003386
0.003521
0.003477
0.003350
0.003316
0.003323
0.003318
0.003349
0.003311
0.003344
0.003405
0.003594
0.003424
0.003370
0.003348
0.003358
0.003363
0.003460
0.003551
0.003339
0.003361
0.003372
0.003380
0.003417
0.003603
0.003387
0.003391
0.003397
0.003408
0.003630
0.003449
0.003415
0.003420
0.003383
0.003616
0.003432
0.003420
0.003415
0.003678
0.003409
0.003416
0.003401
0.003668
0.003445
0.004363
0.003460
0.003569
0.003422
