0.000775
0.000054
0.000085
0.000102
0.000100
0.000144
0.000152
0.000178
0.000162
0.000203
0.000236
0.000243
0.000245
0.000273
0.000299
0.000323
0.000324
0.000354
0.000382
0.000363
0.000376
0.000413
0.000451
0.000469
0.000463
0.000506
0.000511
0.000523
0.000550
0.000552
0.000620
0.000619
0.000610
0.000626
0.000681
0.000654
0.000690
0.000714
0.000722
0.000777
0.000804
0.000808
0.000840
0.000835
0.000848
0.000909
0.000920
0.000952
0.000964
0.000964
0.001009
0.001056
0.001082
0.001068
0.001095
0.001127
0.001159
0.001156
0.001200
0.001324
0.001227
0.001348
0.001396
0.001393
0.001340
0.001347
0.001345
0.001368
0.001483
0.001396
0.001445
0.001441
0.001465
0.001488
0.001522
0.001529
0.001534
0.001579
0.001592
0.001596
0.001621
0.001631
0.001671
0.001749
0.001732
0.001719
0.001762
0.001782
0.001784
0.001804
0.001823
0.001861
0.002016
0.001888
0.001914
0.001930
0.002077
0.001972
0.002016
0.001996
0.002066
0.002037
0.002065
0.002147
0.002128
0.002142
0.002126
0.002243
0.002188
0.002196
0.002194
0.002241
0.002263
0.002274
0.002513
0.002299
0.002329
0.002600
0.002365
0.002362
0.002416
0.002425
0.002410
0.002487
0.002496
0.002493
0.002481
0.002488
0.002534
0.002539
0.002598
0.002552
0.002613
0.002637
0.002846
0.002640
0.002653
0.002686
0.002700
0.002747
0.002733
0.002761
0.002806
0.002797
0.002782
0.002945
0.002857
0.002868
0.002873
0.002903
0.003107
0.002924
0.002976
0.002954
0.002976
0.003155
0.003018
0.003034
0.003055
0.003061
0.003265
0.003082
0.003121
0.003133
0.003163
0.003144
0.003208
0.003422
0.003227
0.003270
0.003209
0.003242
0.003265
0.003300
0.003257
0.003308
0.003318
0.003344
0.003551
0.003385
0.003601
0.003450
0.003479
0.003470
0.003459
0.003563
0.003526
0.003540
0.003516
0.003533
0.003569
0.003592
0.003612
0.003617
0.003620
0.003610
0.003662
0.003627
0.003891
0.003681
0.004077
0.003791
0.003869
0.003813
0.003865
0.003743
0.003820
0.003772
0.003805
0.003889
0.003881
0.004290
0.003881
0.003937
0.003909
0.003957
0.003954
0.003998
0.004329
0.004154
0.004097
0.004056
0.004069
0.004249
0.004116
0.004142
0.004139
0.004190
0.004342
0.004241
0.004165
0.004392
0.004186
0.004216
0.004201
0.004206
0.004193
0.004207
0.004276
0.004508
0.004218
0.004300
0.004387
0.004312
0.004381
0.004372
0.004347
0.004446
0.004382
0.004391
0.004408
0.004403
0.004423
0.004506
0.004500
0.004554
0.004556
0.004630
0.004635
0.004761
0.004972
0.004671
0.004833
0.005070
0.004616
0.004832
0.004872
0.004786
0.004807
0.004884
0.004759
0.004940
0.004726
0.004847
0.004957
0.005233
0.004945
0.005082
0.005034
0.005248
0.005069
0.005193
0.005148
0.005123
0.004990
0.005080
0.004998
0.005287
0.005107
0.005191
0.005110
0.005491
0.005181
0.005101
0.005260
0.005437
0.005674
0.005442
0.005274
0.005453
0.005299
0.005501
0.005367
0.005391
0.005311
0.005529
0.005747
0.005616
0.005502
0.005526
0.005903
0.005495
0.006586
0.005550
0.005978
0.006183
0.005524
0.005650
0.006380
0.005869
0.005901
0.005801
0.006147
0.006176
0.006237
0.005936
0.005700
0.005943
0.005904
0.006376
0.006059
0.006127
0.006035
0.006476
0.007071
0.006193
0.006690
0.006542
0.006059
0.006815
0.006355
0.006444
0.006015
0.006473
0.006056
0.007128
0.006740
0.006743
0.006756
0.006880
0.006453
0.006895
0.006731
0.006466
0.007316
0.007058
0.007422
0.007719
0.006444
0.008164
0.007362
0.009165
0.008105
0.008046
0.007668
0.007621
0.009516
0.007775
0.007080
0.009716
0.007809
0.008403
0.007513
0.008302
0.007897
0.007602
0.009140
0.007627
0.009197
0.008799
0.007643
0.008910
0.008744
0.009852
0.008085
0.008339
0.008786
0.008818
0.007010
0.009764
0.007893
0.009268
0.010746
0.009872
0.008559
0.008081
0.009483
0.010217
0.009541
0.010443
0.008326
0.008784
0.010724
0.007247
0.010142
0.008773
0.010245
0.012364
0.008483
0.011322
0.009882
0.010961
0.009795
0.009830
0.012643
0.010609
0.012337
0.008124
0.009842
0.010167
0.010116
0.010854
0.012933
0.012076
0.011343
0.015553
0.011167
0.011561
0.009644
0.012724
0.014180
0.011028
0.010474
0.008975
0.012519
0.011140
0.011951
0.011904
0.010643
0.010568
0.014011
0.010793
0.009431
0.010038
0.010862
0.011451
0.014581
0.010886
0.009646
0.011545
0.011088
0.010355
0.012382
0.011902
0.010486
0.012443
0.011666
0.013759
0.010053
0.013484
0.010905
0.012596
0.012301
0.014301
0.013081
0.010169
0.010899
0.016517
0.013912
0.014427
0.010937
0.011395
0.011891
0.010391
0.015106
0.010397
0.012894
0.013383
0.012300
0.011580
0.011657
0.012354
0.016695
0.015125
0.018898
0.010702
0.012668
0.015981
0.013668
0.013356
0.016233
0.014271
0.015376
0.010132
0.012001
0.014721
0.018398
0.014650
0.015060
0.013947
0.015980
0.013978
0.014199
0.015808
0.014085
0.013940
0.015968
0.012330
0.015250
0.019630
0.014413
0.012481
0.014482
0.013416
0.017339
0.016164
0.013754
0.010801
0.015410
0.014448
0.015622
0.012695
0.016647
0.011734
0.018555
0.016432
0.013774
0.017516
0.011133
0.017553
0.010940
0.016661
0.016910
0.012921
0.011150
0.012967
0.012197
0.013940
0.017960
0.014875
0.012234
0.013290
0.019859
0.012407
0.019036
0.014306
0.018181
0.012364
0.018121
0.017495
0.015751
0.015387
0.019545
0.016816
0.016556
0.016608
0.019597
0.015919
0.014795
0.016903
0.015890
0.015903
0.016123
0.016865
0.015985
0.014977
0.017046
0.015020
0.023548
0.021846
0.014233
0.017399
0.016603
0.019176
0.019140
0.015859
0.018001
0.016955
0.021753
0.017228
0.019664
0.020837
0.025004
0.017433
0.019833
0.017297
0.018805
0.016552
0.022388
0.021402
0.021833
0.019169
0.016792
0.019485
0.019700
0.023763
0.016772
0.023771
0.025458
0.019946
0.018579
0.020208
0.027218
0.023138
0.020247
0.018977
0.024619
0.017529
0.021688
0.014676
0.026068
0.018884
0.017724
0.020263
0.023279
0.023298
0.023234
0.019155
0.020771
0.023528
0.016319
0.024916
0.024842
0.028243
0.022137
0.023711
0.022177
0.020956
0.018192
0.021083
0.017861
0.021060
0.025396
0.015178
0.022929
0.022661
0.022733
0.022856
0.027237
0.020090
0.027915
0.021644
0.027484
0.027630
0.029249
0.018749
0.022109
0.026737
0.020602
0.020692
0.017681
0.025454
0.019184
0.020905
0.022774
0.025943
0.026230
0.024583
0.027719
0.021214
0.034054
0.024743
0.023517
0.023079
0.023454
0.020007
0.018370
0.019939
0.025091
0.023495
0.022030
0.016724
0.021844
0.022218
0.030650
0.029056
0.016925
0.017007
0.023963
0.022380
0.017023
0.029543
0.031203
0.024189
0.019132
0.024382
0.029298
0.029802
0.019009
0.022712
0.017439
0.028122
0.022943
0.026350
0.032141
0.025445
0.030874
0.023684
0.027378
0.021921
0.029454
0.034730
0.029865
0.023648
0.037195
0.033565
0.025924
0.031813
0.030383
0.029117
0.027125
0.031165
0.023044
0.031755
0.036033
0.031708
0.025539
0.029767
0.035965
0.025817
0.025414
0.027796
0.030107
0.030185
0.025207
0.043522
0.025776
0.028363
0.035160
0.034725
0.035036
0.032703
0.030357
0.033333
0.028430
0.034837
0.038134
0.040212
0.033590
0.037724
0.034956
0.031090
0.026853
0.031254
0.036226
0.033609
0.036633
0.034259
0.034282
0.032108
0.039452
0.037512
0.042600
0.030238
0.035324
0.027725
0.030420
0.042931
0.033069
0.032998
0.045948
0.031898
0.035560
0.040976
0.033170
0.043527
0.036173
0.038674
0.043991
0.026123
0.041612
0.036403
0.031443
0.023844
0.034579
0.049817
0.039118
0.044903
0.050073
0.032226
0.050342
0.037657
0.037544
0.029930
0.029905
0.043171
0.048975
0.049383
0.046588
0.030219
0.043579
0.038899
0.066149
0.055445
0.044447
0.036646
0.041976
0.047714
0.039598
0.047973
0.062190
0.034467
0.045885
0.043124
0.036280
0.040148
0.043376
0.031560
0.034777
0.031693
0.037651
0.055384
0.046823
0.044006
0.061745
0.044064
0.041500
0.041418
0.050196
0.050453
0.035596
0.050761
0.051180
0.054054
0.057685
0.054843
0.033005
0.045888
0.036360
0.033044
0.045931
0.043009
0.055885
0.043740
0.055919
0.056362
0.059581
0.050115
0.046675
0.040191
0.045382
0.043844
0.050784
0.038002
0.061492
0.031072
0.027617
0.054602
0.041015
0.050599
0.047810
0.048476
0.068839
0.059901
0.052086
0.053310
0.055375
0.038912
0.053129
0.063519
0.049985
0.067017
0.050068
0.046078
0.043215
0.039363
0.045802
0.050432
0.054110
0.047346
0.039911
0.051007
0.054631
0.054878
0.058415
0.065934
0.084783
0.062661
0.051832
0.062716
0.055563
0.067030
0.052249
0.048412
0.040931
0.059743
0.056518
0.049208
0.056894
0.064707
0.064669
0.057116
0.063387
0.057447
0.042053
0.050401
0.049604
0.053507
0.061675
0.051262
0.050567
0.062392
0.050236
0.064875
0.058521
0.050811
0.063007
0.072404
0.051215
0.055444
0.063256
0.052351
0.051768
0.084262
0.068067
0.055950
0.056095
0.097286
0.052073
0.064311
0.056605
0.056567
0.048815
0.073827
0.060776
0.057249
0.085344
0.054456
0.067187
0.065456
0.066789
0.078537
0.074469
0.074677
0.066172
0.066371
0.040609
0.070415
0.066349
0.053584
0.053902
0.077274
0.066712
0.062616
0.058073
0.051699
0.071145
0.062662
0.037091
0.065085
0.077803
0.088593
0.065235
0.074157
0.065400
0.069614
0.086102
0.088343
0.070226
0.053021
0.080609
0.052591
0.070976
0.078810
0.085563
0.057563
0.075952
0.086057
0.070939
0.052691
0.057720
0.093777
0.062152
0.089840
0.081437
0.053093
0.067009
0.085430
0.080690
0.067061
0.076467
0.058754
0.071882
0.081277
0.072144
0.072688
0.067544
0.081701
0.068596
0.058251
0.077128
0.081753
0.072716
0.091502
0.044366
0.080465
0.058047
0.067770
0.058906
0.063567
