0.004526
0.014493
0.029902
0.054464
0.086455
0.130944
0.178157
0.231722
0.295857
0.365193
0.435376
0.501885
0.575974
0.658058
0.743964
0.831799
0.923752
1.020803
1.123529
1.215611
1.322671
1.448990
1.525096
1.610424
1.717849
1.962875
2.123613
2.319461
2.471374
2.653012
3.080847
3.348003
3.647653
3.865529
4.898461
6.612994
7.271587
8.094144
9.372421
10.963661
12.988998
14.481844
15.183631
15.914928
17.657436
18.866898
20.313340
22.950434
24.665405
27.308890
27.735015
28.757959
29.483609
29.929931
31.709954
33.277492
35.128787
40.239080
43.985725
49.989135
52.215385
52.887926
53.964666
56.772877
60.139980
63.599715
66.054378
68.017951
71.320489
76.314272
86.677557
93.450204
98.341901
101.824299
109.098369
117.673477
124.633686
130.675940
140.302170
147.347282
155.723062
162.689928
174.989759
182.151733
193.468904
206.558990
214.935115
223.910281
232.725126
241.023478
253.544783
263.615196
271.963666
275.856804
288.071168
310.141930
314.146873
316.242845
319.591940
324.550564
